0.803662 0.981136 0.369132 0.498354 0.067417 0.422276 0
0.193649 0.519878 0.563662 0.385040 0.395856 0.553702 0
0.353233 0.059994 0.534671 0.952161 0.245603 0.661871 1
0.807844 0.065858 0.878722 0.467325 0.743167 0.179488 1
0.080759 0.547340 0.385102 0.297765 0.033439 0.389591 0
0.852762 0.233002 0.854950 0.393176 0.153687 0.331072 0
0.990439 0.024766 0.840315 0.781559 0.989145 0.590250 1
0.789280 0.151726 0.362757 0.729702 0.603019 0.407630 1
0.043634 0.000459 0.393417 0.849023 0.507342 0.440948 0
0.157783 0.039594 0.636134 0.853263 0.446433 0.816156 1
0.831422 0.387378 0.265973 0.020566 0.570112 0.102036 1
0.474762 0.814433 0.710705 0.154202 0.160961 0.120790 0
0.223385 0.245726 0.549084 0.242753 0.152291 0.435995 1
0.172154 0.122386 0.508996 0.645416 0.622478 0.522734 1
0.359798 0.052724 0.060253 0.499422 0.733064 0.267465 0
0.619274 0.189138 0.406118 0.232300 0.459636 0.659042 0
0.639527 0.501506 0.979046 0.943030 0.201164 0.457331 0
0.208213 0.910542 0.953414 0.671509 0.290860 0.865424 1
0.393453 0.397436 0.041926 0.416876 0.978251 0.585167 0
0.352840 0.019615 0.162845 0.642887 0.602894 0.904657 0
0.375133 0.267069 0.728082 0.972202 0.718709 0.408076 1
0.795811 0.756764 0.708524 0.147342 0.711857 0.262471 0
0.047895 0.712569 0.955355 0.568113 0.128960 0.860783 1
0.123399 0.341165 0.603489 0.229249 0.869332 0.866295 1
0.284762 0.911175 0.355780 0.923674 0.514343 0.805962 1
0.239609 0.529031 0.664460 0.077863 0.054638 0.571951 0
0.289130 0.853551 0.338590 0.175211 0.321176 0.231951 0
0.384724 0.593798 0.125148 0.100025 0.899154 0.751918 0
0.072888 0.748325 0.504053 0.869402 0.217107 0.845758 1
0.542845 0.895434 0.427314 0.508583 0.329240 0.844736 1
0.261068 0.247908 0.310235 0.496927 0.421863 0.861802 0
0.174037 0.174472 0.186228 0.405183 0.047277 0.374637 0
0.339091 0.275485 0.075566 0.879784 0.924691 0.148136 0
0.228510 0.716542 0.051951 0.476475 0.469443 0.355583 0
0.183961 0.427054 0.455724 0.374900 0.841133 0.666640 0
0.799760 0.817405 0.894587 0.461287 0.973770 0.254942 0
0.935059 0.361923 0.376521 0.870782 0.720704 0.623521 1
0.239174 0.480799 0.128249 0.558850 0.416688 0.854294 0
0.754956 0.935551 0.719092 0.983202 0.522552 0.389685 0
0.314488 0.249691 0.217221 0.233531 0.622024 0.458223 0
0.223538 0.648111 0.836051 0.438379 0.931157 0.539352 0
0.243732 0.592963 0.281144 0.710032 0.456435 0.183381 1
0.375112 0.317058 0.300178 0.715816 0.834361 0.786238 0
0.918165 0.973306 0.894016 0.915598 0.784268 0.261158 0
0.533211 0.030133 0.761857 0.669567 0.903450 0.650101 1
0.080362 0.035768 0.520228 0.656891 0.241443 0.064307 1
0.911148 0.234961 0.039937 0.564123 0.923804 0.402955 1
0.973098 0.021951 0.082281 0.211596 0.382424 0.288476 0
0.876039 0.744887 0.320407 0.062180 0.099638 0.142883 0
0.376623 0.626677 0.985422 0.909054 0.888558 0.398365 1
0.574573 0.846339 0.945846 0.682427 0.599739 0.956209 1
0.786247 0.053099 0.533208 0.766231 0.548241 0.918907 1
0.461483 0.344937 0.701807 0.119315 0.633302 0.325637 1
0.814071 0.036110 0.067975 0.842754 0.323406 0.079325 0
0.527008 0.550103 0.349809 0.413335 0.027296 0.597245 1
0.652070 0.741972 0.582953 0.318411 0.645327 0.106631 0
0.187356 0.191903 0.008367 0.643230 0.339159 0.184464 0
0.079870 0.919444 0.646218 0.894233 0.914141 0.028425 1
0.616206 0.416541 0.425010 0.421611 0.463417 0.768652 0
0.863313 0.368604 0.703122 0.188429 0.295814 0.358591 0
0.889520 0.042144 0.113395 0.890859 0.336715 0.608866 0
0.067317 0.804039 0.686859 0.957869 0.572379 0.351743 1
0.379507 0.358194 0.466072 0.945494 0.377742 0.598394 0
0.960061 0.947917 0.195644 0.858921 0.430809 0.385005 0
0.962196 0.531673 0.469229 0.669506 0.739490 0.576841 1
0.110768 0.192788 0.903153 0.033028 0.634472 0.516733 1
0.293291 0.832718 0.910606 0.254581 0.880108 0.080404 0
0.147728 0.150743 0.787755 0.277249 0.340336 0.298740 1
0.325505 0.613098 0.785858 0.516854 0.274867 0.373144 1
0.040602 0.951995 0.433059 0.733258 0.805332 0.771230 1
0.039160 0.479928 0.172736 0.280229 0.951001 0.509840 0
0.135651 0.721946 0.068511 0.801846 0.910453 0.277919 1
0.243493 0.726105 0.433715 0.177424 0.705072 0.686156 0
0.666985 0.613706 0.727950 0.137046 0.218014 0.673549 1
0.039838 0.961914 0.128555 0.942817 0.913701 0.552287 1
0.319472 0.936252 0.020962 0.614555 0.712406 0.734566 1
0.853676 0.861009 0.809062 0.191420 0.149629 0.251733 0
0.413456 0.539293 0.690883 0.751103 0.274134 0.204435 1
0.631515 0.507712 0.129180 0.318823 0.658417 0.350802 0
0.377946 0.795616 0.674094 0.255277 0.128990 0.913893 0
0.940557 0.172452 0.696899 0.284941 0.093633 0.038025 0
0.304718 0.599743 0.480745 0.567237 0.687622 0.067292 1
0.247895 0.271073 0.748812 0.578687 0.817930 0.311373 1
0.435981 0.436574 0.673761 0.543855 0.551230 0.706201 1
0.534431 0.978215 0.418235 0.311449 0.113182 0.454609 0
0.496483 0.032185 0.661072 0.331801 0.380584 0.644550 1
0.786307 0.594163 0.637285 0.547778 0.313464 0.052941 0
0.041684 0.127228 0.425867 0.568199 0.260164 0.870890 0
0.056122 0.534902 0.706767 0.214347 0.969316 0.980510 0
0.203750 0.047658 0.025316 0.362768 0.060181 0.247454 0
0.627536 0.852512 0.480847 0.612231 0.067940 0.139394 0
0.694858 0.773729 0.299248 0.686717 0.116958 0.716662 1
0.209529 0.526732 0.904352 0.302710 0.305204 0.065128 0
0.862485 0.272440 0.426403 0.737966 0.648718 0.360375 1
0.345257 0.592942 0.455223 0.528002 0.588701 0.541751 1
0.321854 0.633529 0.860896 0.690177 0.374699 0.069515 1
0.124030 0.348037 0.142739 0.968298 0.052564 0.811460 0
0.871365 0.908855 0.305270 0.484572 0.214974 0.243772 0
0.743455 0.921667 0.809598 0.282575 0.681106 0.758486 1
0.879074 0.945526 0.490817 0.724198 0.588247 0.464223 0
0.043974 0.987506 0.314038 0.338536 0.282564 0.239275 0
0.462845 0.561792 0.488240 0.575160 0.966782 0.154621 1
0.075392 0.306043 0.685385 0.169162 0.927834 0.204769 1
0.178265 0.691960 0.997889 0.404436 0.052730 0.811467 0
0.821735 0.765074 0.355585 0.856365 0.865267 0.360882 0
0.475163 0.602647 0.602427 0.084778 0.569440 0.681795 0
0.806012 0.639974 0.541472 0.774136 0.572396 0.457725 0
0.183191 0.601789 0.716045 0.821994 0.076767 0.177548 1
0.814232 0.769559 0.367263 0.599042 0.939651 0.870644 1
0.826783 0.609057 0.735156 0.018790 0.241571 0.389284 0
0.337269 0.471992 0.308287 0.273235 0.513537 0.885700 0
0.876380 0.357099 0.981708 0.377591 0.922989 0.968304 1
0.723269 0.518201 0.906904 0.072399 0.420582 0.777700 1
0.936884 0.460031 0.639827 0.867795 0.884743 0.939303 1
0.438927 0.567169 0.487339 0.142890 0.927695 0.307911 0
0.879523 0.854384 0.069039 0.772581 0.108115 0.022441 0
0.949683 0.026709 0.603088 0.962474 0.928800 0.607449 1
0.061284 0.065162 0.364435 0.418315 0.298807 0.591986 0
0.871050 0.959529 0.890912 0.711322 0.903582 0.236169 0
0.694449 0.327773 0.940675 0.718817 0.255991 0.774556 0
0.490249 0.355013 0.962432 0.719308 0.643206 0.418759 1
0.236715 0.731420 0.862777 0.706617 0.668165 0.244241 1
0.101947 0.072946 0.988947 0.661366 0.462522 0.341873 1
0.923453 0.660986 0.794168 0.261043 0.771422 0.971827 1
0.694320 0.706450 0.881219 0.521047 0.036986 0.547594 1
0.780984 0.416502 0.874084 0.676945 0.622394 0.072208 1
0.246504 0.576782 0.935963 0.921748 0.466558 0.834205 1
0.623879 0.045753 0.544204 0.587346 0.432014 0.137168 0
0.483134 0.922764 0.467541 0.549871 0.325656 0.119611 1
0.679086 0.269116 0.179835 0.545530 0.441989 0.609870 0
0.958271 0.024777 0.717593 0.120139 0.822834 0.617817 1
0.360313 0.583247 0.141358 0.215767 0.202043 0.561835 0
0.356487 0.297195 0.470099 0.545175 0.458233 0.290457 0
0.861256 0.875508 0.733876 0.554452 0.798790 0.177900 0
0.516587 0.297708 0.255213 0.428493 0.495279 0.181433 0
0.598453 0.329632 0.308843 0.215119 0.792542 0.074818 1
0.259497 0.976897 0.650687 0.786232 0.103955 0.962442 1
0.805472 0.258408 0.185761 0.040703 0.948631 0.250679 1
0.619733 0.653880 0.766709 0.849269 0.142200 0.527296 1
0.421065 0.404883 0.827716 0.255671 0.654566 0.875094 1
0.086096 0.326219 0.352024 0.289538 0.658756 0.247419 0
0.401216 0.365536 0.148942 0.995786 0.753662 0.305525 0
0.828220 0.817716 0.722631 0.468579 0.538405 0.668455 1
0.750548 0.427247 0.046024 0.542209 0.582805 0.040956 1
0.702470 0.081498 0.631350 0.037120 0.869340 0.040927 1
0.618726 0.921975 0.887799 0.902059 0.676134 0.201549 0
0.549712 0.079732 0.979292 0.603710 0.434900 0.656873 0
0.494543 0.704775 0.306180 0.848329 0.177228 0.586861 1
0.056140 0.279976 0.579035 0.035140 0.700218 0.680151 1
0.916805 0.427492 0.869701 0.389642 0.479764 0.032228 0
0.186736 0.055069 0.520339 0.149439 0.449628 0.754750 1
0.513641 0.420638 0.310925 0.013509 0.495849 0.068305 0
0.210408 0.409936 0.522244 0.455528 0.610098 0.270773 1
0.517999 0.100425 0.314135 0.044276 0.019679 0.565411 0
0.048385 0.630993 0.928640 0.493325 0.954456 0.920149 0
0.764568 0.904607 0.888480 0.045965 0.340394 0.125109 0
0.560664 0.922772 0.971258 0.414362 0.280979 0.275305 0
0.280654 0.963371 0.751058 0.405392 0.230307 0.888804 0
